5.297169055259610815e+01
5.104899607240087533e+01
1.849324200890692893e+01
2.362202362203543160e+01
3.095157508108432154e+01
6.398437309218556379e+01
6.201612693485461136e+01
6.329296959378663701e+01
8.110487038396645687e+01
8.184130986244049666e+01
8.401190391843289262e+01
8.218272324521741723e+01
9.088454214001410492e+01
7.435052118176442093e+01
1.006777035892257572e+02
9.891410415102591003e+01
9.813256340277675349e+01
9.756023780208820995e+01
7.553806987208503188e+01
9.257429448826493967e+01
8.961026726887941152e+01
9.415943925066673614e+01
9.257429448826493967e+01
9.277930803794561143e+01
6.615134163416490765e+01
1.024402264737832411e+02
9.056489386070079206e+01
9.334880824091970908e+01
4.328972164382672361e+01
8.994442728707542756e+01
4.726520919238589613e+01
5.128352561983233926e+01
3.449637662132067817e+01
3.295451410656816194e+01
5.756735185849701963e+01
5.368426212587819180e+01
5.247856705360770491e+01
4.549725266430930049e+01
3.535533905932737753e+01
4.368065933568311010e+01
5.238320341483517950e+01
5.885575587824864385e+01
3.828837943815329226e+01
2.493992782667985253e+01
4.352011029397788633e+01
4.438468204234429493e+01
5.686826883245172581e+01
7.148426400264607139e+01
2.672077843177477519e+01
1.720465053408525335e+01
