2.808914381037627805e+01
3.413209633175202384e+01
3.419064199455751663e+01
4.678675026115833901e+01
3.419064199455751663e+01
4.224926034855521806e+01
3.459768778401238620e+01
3.848376280978771291e+01
4.304648650006176780e+01
4.158124577258357846e+01
4.041039470235349995e+01
3.567912554982254392e+01
4.272001872658765365e+01
4.229657196511320194e+01
3.915354390090378445e+01
3.726929030716844693e+01
5.615158056546582799e+01
5.595533933415112671e+01
6.153860576906174629e+01
5.459853477887479301e+01
3.257299494980465937e+01
3.318132004607411289e+01
3.157530680769388809e+01
3.436568055487916240e+01
3.874274125562103421e+01
2.491987158875422281e+01
3.456877203488721051e+01
5.148786264742400220e+01
1.905255888325764957e+01
2.061552812808830382e+01
3.330165161069342616e+01
3.459768778401238620e+01
2.467792535850613334e+01
3.700000000000000000e+01
1.315294643796590535e+01
2.459674775249768786e+01
4.013726448077895270e+01
4.544227107000705246e+01
4.579301256742124338e+01
5.964059020499377795e+01
6.216912416947820930e+01
6.264982043070833839e+01
7.189575787207476765e+01
7.101408311032396625e+01
7.186793443532380365e+01
2.941088233970548416e+01
3.293933818400120828e+01
3.923009049186606489e+01
3.900000000000000000e+01
1.473091986265623454e+01
