2.416609194718914466e+01
1.624807680927192166e+01
2.404163056034261459e+01
2.509980079602226510e+01
2.894822965226025602e+01
2.501999200639360765e+01
3.221800738717402623e+01
3.472751070837067289e+01
3.778888725538237026e+01
3.852272056851644777e+01
2.572936066053721405e+01
1.691153452528776313e+01
3.367491648096547152e+01
3.414674215792774703e+01
2.461706725018234110e+01
3.088689042296100240e+01
3.023243291566194912e+01
4.810405388322277531e+01
3.828837943815329226e+01
3.891015291668743714e+01
3.624913792078371699e+01
3.690528417449186804e+01
3.765634076752546378e+01
3.178049716414140846e+01
3.178049716414140846e+01
2.867054237366290081e+01
2.420743687382040932e+01
3.140063693621516450e+01
4.062019202317980415e+01
3.674234614174767444e+01
4.532107677449864269e+01
3.535533905932737753e+01
3.036445290137795183e+01
1.876166303929371892e+01
3.352610922848042208e+01
2.969848480983499428e+01
3.043024810940587699e+01
3.563705936241092331e+01
3.652396473549934797e+01
3.586084215408221354e+01
3.613862199918530393e+01
3.818376618407356915e+01
3.802630668366308697e+01
2.362202362203543160e+01
2.437211521390788249e+01
2.641968962724581260e+01
2.976575213227443228e+01
2.723967694375247106e+01
2.796426290821912630e+01
2.831960451701259274e+01
