1.892088792842450218e+01
3.187475490101845566e+01
3.187475490101845566e+01
3.261901286060017924e+01
3.475629439396553266e+01
3.967366884975474761e+01
3.541186241925154832e+01
4.460941604639092617e+01
1.581138830084189628e+01
1.542724862054151203e+01
2.073644135332772009e+01
1.933907960581371555e+01
1.964688270438849926e+01
1.928730152198590986e+01
1.902629759044044633e+01
4.580392996239514503e+01
4.917316341257699008e+01
2.302172886644267535e+01
3.000000000000000000e+01
2.140093455903269515e+01
6.087692502089769420e+01
2.267156809750926882e+01
4.197618372363071160e+01
3.906404996924921846e+01
5.774080013300820013e+01
5.186520991955976001e+01
4.149698784249285666e+01
2.167948338867880054e+01
5.704384278780664630e+01
5.453439281774392100e+01
4.913247398615298778e+01
5.971599450733446446e+01
2.437211521390788249e+01
6.438944012802099337e+01
5.061620293937505721e+01
2.310844001658268709e+01
3.472751070837067289e+01
3.458323293158116485e+01
7.718808198161164569e+01
6.376519426771943699e+01
6.345076831686122176e+01
7.749838707999025189e+01
5.591064299397745430e+01
7.831985699680510038e+01
7.445804187594514190e+01
7.449832212875669768e+01
7.513986957667680144e+01
7.780745465570763031e+01
7.145628033979937754e+01
7.032780389006896371e+01
