4.138840417314975184e+01
2.042057785666213832e+01
1.603121954188139853e+01
3.354101966249684352e+01
2.002498439450078749e+01
1.705872210923197940e+01
1.424780684877500647e+01
2.027313493271329392e+01
2.422808287917143488e+01
3.278719262151000180e+01
2.958039891549807976e+01
1.841195263952196726e+01
2.179449471770336899e+01
2.032240143290157519e+01
1.920937271229854559e+01
2.291287847477919826e+01
1.910497317454279909e+01
2.334523505985750447e+01
2.714774392099645439e+01
2.338803112705300080e+01
2.256102834535695578e+01
1.972308292331602075e+01
2.539685019840058899e+01
2.547547840571399291e+01
2.974894956128703427e+01
2.886173937932362321e+01
2.308679276123039159e+01
1.941648783894759944e+01
1.711724276862369010e+01
1.445683229480096088e+01
9.433981132056603158e+00
1.024695076595959797e+01
1.459451951932642366e+01
1.135781669160054719e+01
2.410394158638790074e+01
2.823118842698620767e+01
3.275667870831839679e+01
2.994995826374387349e+01
2.954657340538831534e+01
2.872281323269014308e+01
2.609597670139977765e+01
2.917190429162964449e+01
2.355843797877949441e+01
3.128897569432403003e+01
3.991240408695021102e+01
3.163858403911275019e+01
2.071231517720798010e+01
3.769615364994152884e+01
2.220360331117451835e+01
2.304343724360582613e+01
