1.783255450012700649e+01
2.034698994937580352e+01
2.014944167960988608e+01
2.054263858417413857e+01
2.111871208194287419e+01
2.395829710142187707e+01
2.541653005427766843e+01
1.529705854077835525e+01
1.319090595827291956e+01
1.516575088810310135e+01
1.800000000000000000e+01
1.708800749063506075e+01
2.863564212655270680e+01
3.420526275297414287e+01
3.313608305156178346e+01
2.846049894151541437e+01
2.509980079602226510e+01
3.749666651850535004e+01
2.379075450674063674e+01
3.069201850644561347e+01
1.643167672515498268e+01
2.898275349237887610e+01
2.258317958127242875e+01
4.713809499757070398e+01
3.989987468652000757e+01
3.815756805667782459e+01
4.445222154178573959e+01
4.558508528016592720e+01
3.977436360270268523e+01
4.144876355212541341e+01
4.411349000022555344e+01
3.385262175962151332e+01
2.867054237366290081e+01
3.619392214170771638e+01
3.391164991562634157e+01
3.379349049743160549e+01
3.382306905057552626e+01
1.897366596101027625e+01
2.675817632051930417e+01
4.127953488110058800e+01
4.047221268969612140e+01
4.390899680020029905e+01
4.445222154178573959e+01
4.356604182158393002e+01
4.347413023856831416e+01
3.926830783214371934e+01
3.307567081708245382e+01
4.259107887809371107e+01
3.701351104664349378e+01
3.325657829663177978e+01
