4.042276586281547424e+01
4.610856753359401239e+01
3.203123475609393012e+01
2.204540768504860182e+01
1.529705854077835525e+01
2.501999200639360765e+01
2.541653005427766843e+01
3.860051813123756403e+01
2.810693864511039308e+01
5.435071296680477104e+01
5.551576352712803697e+01
5.580322571321482172e+01
5.001999600159920334e+01
5.255473337388364996e+01
5.293392107146418368e+01
3.896151947755631539e+01
4.851803788283281449e+01
3.472751070837067289e+01
3.770941526992960746e+01
3.810511776651529914e+01
3.541186241925154832e+01
3.023243291566194912e+01
5.897457079114692391e+01
5.746303159423456464e+01
5.830951894845300387e+01
6.200000000000000000e+01
5.678027826631355879e+01
5.407402333838309971e+01
5.244044240850757888e+01
5.739337940912697178e+01
6.606057825965497443e+01
3.518522417151836379e+01
5.895761189193470386e+01
6.280127387243032899e+01
7.716216689544170038e+01
7.726577508832743035e+01
5.143928459844673995e+01
5.651548460377916427e+01
5.278257288158658866e+01
6.217716622683925465e+01
5.025932749251624898e+01
6.341923998283170505e+01
6.401562309311688637e+01
7.762731478030140408e+01
6.929646455628166279e+01
7.529940238806679531e+01
6.984268036093689602e+01
5.683308895353128776e+01
6.191930232165088199e+01
4.509988913511872255e+01
