2.519920633670830412e+01
4.358898943540673976e+00
1.486606874731850603e+01
2.142428528562854950e+01
3.479942528261062762e+01
3.144837038703277443e+01
3.386738844375219770e+01
3.275667870831839679e+01
3.500000000000000000e+01
3.774917217635374556e+01
4.940647730814249883e+01
2.467792535850613334e+01
2.071231517720798010e+01
2.598076211353316012e+01
3.141655614481001635e+01
4.063249930782009045e+01
4.337049688440288264e+01
4.441846462902562109e+01
4.956813492557491685e+01
6.391400472509917563e+01
5.204805471869241984e+01
3.726929030716844693e+01
3.645545226711637099e+01
5.579426493825328492e+01
5.539855593785816268e+01
3.910242959203430502e+01
2.736786436680801771e+01
2.100000000000000000e+01
3.581898937714463216e+01
3.293933818400120828e+01
2.467792535850613334e+01
2.906888370749726747e+01
2.930870177950568944e+01
2.598076211353316012e+01
1.951922129594313660e+01
2.256102834535695578e+01
2.961418578992169515e+01
3.051229260478471517e+01
3.548238999842034502e+01
3.479942528261062762e+01
3.536947836765478570e+01
3.468429039204924891e+01
3.024896692450834834e+01
3.318132004607411289e+01
3.366006535941367162e+01
2.968164415931165934e+01
2.426932219902319332e+01
1.640121946685672683e+01
3.051229260478471517e+01
4.215447781671598193e+01
