5.418486873657626290e+01
4.386342439892261780e+01
3.644173431657719675e+01
3.646916505762094118e+01
4.062019202317980415e+01
4.062019202317980415e+01
3.252691193458118590e+01
1.974841765813149763e+01
2.694438717061495936e+01
3.663331816802840279e+01
4.390899680020029905e+01
4.882622246293480828e+01
3.206243908376279705e+01
3.130495168499705727e+01
5.031898250163649777e+01
4.489988864128729773e+01
4.024922359499621649e+01
4.543126676640218875e+01
4.641120554348917437e+01
6.275348595894892867e+01
5.964897316802695570e+01
6.297618597533515583e+01
5.526300751859239568e+01
8.249848483457135728e+01
8.367795408588811767e+01
8.422588675698226268e+01
7.046985170979147028e+01
7.292461861401812939e+01
7.908223567907018037e+01
8.622064717919948862e+01
1.024792661956553985e+02
4.230839160261236032e+01
7.120393247567159278e+01
7.032780389006896371e+01
7.648529270389177270e+01
7.402702209328698757e+01
5.885575587824864385e+01
5.885575587824864385e+01
6.586349520030044857e+01
1.933907960581371555e+01
3.967366884975474761e+01
5.679788728465170777e+01
3.728270376461449587e+01
8.420213774008352914e+01
5.836094584565949361e+01
4.884669896727925220e+01
3.635931792539568619e+01
4.554119014694280310e+01
4.397726685459204532e+01
3.408812109811862001e+01
