4.481071300481615793e+01
1.166190378969060149e+01
1.166190378969060149e+01
2.059126028197400160e+01
2.545584412271571040e+01
3.261901286060017924e+01
2.738612787525830683e+01
2.664582518894845720e+01
2.796426290821912630e+01
3.921734310225515685e+01
3.901281840626231912e+01
9.899494936611665352e+00
2.679552201394852418e+01
3.114482300479487265e+01
3.152776554086889149e+01
2.501999200639360765e+01
4.562893818619933484e+01
2.177154105707723986e+01
2.749545416973504075e+01
3.052867504494749440e+01
6.864400920692204977e+01
5.110772935672255102e+01
2.870540018881464661e+01
3.720215047547655018e+01
5.916079783099615952e+01
3.725587202039431389e+01
3.741657386773941596e+01
5.033885179461287862e+01
4.669047011971500893e+01
5.359104402789704835e+01
4.390899680020029905e+01
4.261455150532503211e+01
3.792097045171708203e+01
4.315089802078283299e+01
4.690415759823429731e+00
2.745906043549196340e+01
2.942787793912432193e+01
3.140063693621516450e+01
3.140063693621516450e+01
2.404163056034261459e+01
3.552463933666322049e+01
5.547972602672079034e+01
3.977436360270268523e+01
5.093132631298737323e+01
3.036445290137795183e+01
4.042276586281547424e+01
3.325657829663177978e+01
4.905099387372288788e+01
5.057667446560716940e+01
2.810693864511039308e+01
