2.123676058159530200e+01
1.236931687685298087e+01
1.774823934929884928e+01
1.752141546793523119e+01
3.536947836765478570e+01
3.809199390948182185e+01
4.346262762420145975e+01
3.395585369269929288e+01
2.570992026436488231e+01
2.613426869074395853e+01
3.154362059117501005e+01
2.032240143290157519e+01
2.647640458974745314e+01
2.787471972953270694e+01
3.074085229787879570e+01
4.821825380496477464e+01
4.495553358597804561e+01
5.575840743780259601e+01
5.391660226683428192e+01
3.077336510685823612e+01
3.163858403911275019e+01
2.830194339616981125e+01
2.751363298439520833e+01
2.703701166919154986e+01
3.548238999842034502e+01
3.923009049186606489e+01
4.844584605515729692e+01
3.290896534380866711e+01
3.850973902793941051e+01
4.065710270051224740e+01
2.578759391645525412e+01
3.047950130825634218e+01
2.385372088375312671e+01
1.603121954188139853e+01
2.220360331117451835e+01
4.119465984809195902e+01
1.577973383805949936e+01
3.354101966249684352e+01
3.737646318206151363e+01
5.119570294468081784e+01
5.204805471869241984e+01
4.441846462902562109e+01
3.661966684720110976e+01
4.134005321718877468e+01
3.436568055487916240e+01
4.373785545725807822e+01
3.811823710509183627e+01
3.923009049186606489e+01
2.385372088375312671e+01
3.395585369269929288e+01
