1.208304597359457233e+01
1.630950643030008962e+01
1.529705854077835525e+01
4.101219330881975367e+01
4.354308211415447971e+01
4.298837052040935447e+01
2.319482700948640286e+01
4.123105625617660763e+01
4.827007354458868349e+01
4.684015371452147747e+01
3.461213659975356194e+01
3.271085446759224880e+01
2.922327839240491443e+01
2.557342370508884244e+01
2.731300056749532601e+01
2.867054237366290081e+01
2.310844001658268709e+01
1.529705854077835525e+01
1.449137674618943805e+01
4.319722213291035473e+01
4.137632173115440537e+01
2.024845673131658685e+01
4.905099387372288788e+01
5.001999600159920334e+01
3.916631205513228053e+01
1.414213562373095101e+01
1.913112646970899178e+01
3.190611226708763226e+01
5.630275304103698630e+01
4.880573736764971926e+01
3.997499218261337006e+01
2.222611077089286979e+01
2.004993765576342213e+01
2.782085548648711182e+01
4.178516483155235761e+01
4.263801121065568367e+01
4.438468204234429493e+01
4.876474136094643796e+01
4.941659640242334461e+01
4.235563716909474152e+01
3.155946767611899872e+01
3.206243908376279705e+01
3.385262175962151332e+01
6.363961030678927955e+01
5.297169055259610815e+01
5.053711507397311209e+01
4.042276586281547424e+01
4.827007354458868349e+01
4.835286961494632862e+01
3.896151947755631539e+01
