3.184336665618131690e+01
2.760434748368452063e+01
1.886796226411320632e+01
5.031898250163649777e+01
4.953786430600334256e+01
4.420407221060068537e+01
2.774887385102321602e+01
2.774887385102321602e+01
3.849675310984031285e+01
3.203123475609393012e+01
3.361547262794321966e+01
5.163332257370234402e+01
5.517245689653488938e+01
6.403124237432848531e+01
5.895761189193470386e+01
4.983974317750844563e+01
2.630589287593181069e+01
2.340939982143925135e+01
4.512205669071391156e+01
2.638181191654583913e+01
1.843908891458577415e+01
3.334666400106613082e+01
3.136877428271624524e+01
3.867815921162743109e+01
3.931920650267500150e+01
4.168932717135166399e+01
4.180908992073374719e+01
5.264978632435273198e+01
3.924283374069716501e+01
6.572670690061993071e+01
4.512205669071391156e+01
6.174139616173252421e+01
7.278736154031138028e+01
8.254695633395576237e+01
8.453401682163222119e+01
8.009993757800314995e+01
6.420280367709808900e+01
8.598837130682264274e+01
7.066823897621901551e+01
7.109149034870488038e+01
1.079629566101262412e+02
1.016366075781753011e+02
8.278888814327680734e+01
9.582275303913992559e+01
9.328451104015071849e+01
9.661262857411550442e+01
1.034891298639620345e+02
1.016267681273000107e+02
8.862279616441810504e+01
4.623851208678756564e+01
4.961854492022111174e+01
3.504283093587046238e+01
6.175759062657804321e+01
2.059126028197400160e+01
1.854723699099140788e+01
2.009975124224177989e+01
3.495711658589706872e+01
5.825804665451803288e+01
4.135214625627066454e+01
4.007492981902775853e+01
7.821764506810467310e+01
8.732697177848319825e+01
8.090735442467513394e+01
5.704384278780664630e+01
5.911006682452659788e+01
2.014944167960988608e+01
4.654030511288038241e+01
4.411349000022555344e+01
5.065570056765575657e+01
5.221110992882645263e+01
4.913247398615298778e+01
3.947150871198110167e+01
5.500909015790026757e+01
5.282045058497702428e+01
6.281719509815764013e+01
5.274466797696237563e+01
4.047221268969612140e+01
3.674234614174767444e+01
3.171750305430741079e+01
1.256980508997653523e+01
6.338769596696191400e+01
4.287190222045203569e+01
2.922327839240491443e+01
3.844476557348217227e+01
3.896151947755631539e+01
5.580322571321482172e+01
7.463243262818116364e+01
5.274466797696237563e+01
3.209361307176242661e+01
5.958187643906492781e+01
6.519202405202648265e+01
6.090976933136424520e+01
5.323532661682465772e+01
5.449770637375485194e+01
5.449770637375485194e+01
4.523273151159456518e+01
3.754996671103717176e+01
4.042276586281547424e+01
3.891015291668743714e+01
3.546829570193639825e+01
