2.135415650406262245e+01
2.572936066053721405e+01
3.075711299845939806e+01
2.976575213227443228e+01
2.634387974463898274e+01
2.634387974463898274e+01
2.024845673131658685e+01
2.441311123146740414e+01
2.441311123146740414e+01
1.280624847486569706e+01
7.071067811865475505e+00
1.140175425099137918e+01
1.208304597359457233e+01
2.167948338867880054e+01
7.874007874011811126e+00
9.486832980505138124e+00
1.886796226411320632e+01
1.428285685708570085e+01
1.568438714135812262e+01
1.067707825203131122e+01
1.240967364599085698e+01
1.529705854077835525e+01
1.969771560359220786e+01
2.424871130596428159e+01
2.144761058952721555e+01
2.839013913315677939e+01
2.839013913315677939e+01
2.231591360442139660e+01
2.880972058177586703e+01
2.328089345364563201e+01
1.760681686165900928e+01
2.111871208194287419e+01
1.529705854077835525e+01
1.363818169698585514e+01
7.615773105863908654e+00
1.392838827718411920e+01
1.516575088810310135e+01
6.164414002968976014e+00
7.874007874011811126e+00
6.633249580710799620e+00
1.407124727947028830e+01
1.392838827718411920e+01
2.177154105707723986e+01
1.964688270438849926e+01
1.174734012447073006e+01
1.048808848170151542e+01
1.019803902718556898e+01
1.928730152198590986e+01
1.649242250247064234e+01
2.302172886644267535e+01
