5.601785429664366944e+01
3.203123475609393012e+01
5.163332257370234402e+01
4.130375285612676350e+01
4.701063709417263681e+01
3.891015291668743714e+01
4.442971978304612435e+01
4.442971978304612435e+01
3.852272056851644777e+01
4.379497688091637997e+01
4.802082881417187821e+01
3.196873472629156154e+01
2.275961335348208436e+01
2.379075450674063674e+01
3.283291031876400723e+01
3.674234614174767444e+01
3.676955262170046979e+01
3.162277660168379256e+01
3.212475680841802017e+01
5.025932749251624898e+01
3.896151947755631539e+01
5.209606511052442102e+01
5.323532661682465772e+01
6.398437309218556379e+01
4.951767361255978983e+01
3.649657518178931781e+01
4.280186911806539030e+01
4.837354648979129479e+01
5.756735185849701963e+01
5.405552700695831447e+01
5.565968020030298646e+01
5.775811631277460378e+01
5.334791467339655924e+01
4.675467891024383960e+01
4.076763422127901748e+01
3.313608305156178346e+01
3.849675310984031285e+01
4.164132562731402487e+01
6.528399497579785304e+01
5.266877632905477213e+01
5.526300751859239568e+01
5.526300751859239568e+01
5.711392124517454505e+01
3.947150871198110167e+01
5.108815909777920439e+01
4.684015371452147747e+01
4.827007354458868349e+01
3.657868231634376599e+01
3.535533905932737753e+01
5.529918625079396577e+01
