2.024845673131658685e+01
1.984943324127920761e+01
4.328972164382672361e+01
4.649731175025068097e+01
4.062019202317980415e+01
4.422668877499196327e+01
3.600000000000000000e+01
4.565084884205330695e+01
4.518849411078001310e+01
4.851803788283281449e+01
4.913247398615298778e+01
4.953786430600334256e+01
4.768647607026545643e+01
4.977951385861457112e+01
5.140038910358558866e+01
4.342810150121692914e+01
4.007492981902775853e+01
5.662155066756826471e+01
3.754996671103717176e+01
5.493632677928148667e+01
5.569560126257728427e+01
5.387021440462252286e+01
5.464430436925700008e+01
6.327716807822550038e+01
4.810405388322277531e+01
5.159457335805772260e+01
4.593473631142340707e+01
2.513961017995307046e+01
2.126029162546929996e+01
5.163332257370234402e+01
5.203844732503075221e+01
7.318469785412794693e+01
8.028698524667619552e+01
6.038211655780211373e+01
5.221110992882645263e+01
6.700746227100381702e+01
6.565059024867940707e+01
6.685805860178712123e+01
5.323532661682465772e+01
5.232590180780452016e+01
4.855924216871593302e+01
5.266877632905477213e+01
5.244044240850757888e+01
4.969909455915671259e+01
5.774080013300820013e+01
5.069516742254630515e+01
5.128352561983233926e+01
4.042276586281547424e+01
3.271085446759224880e+01
5.157518783291050823e+01
