4.384062043356594529e+01
4.743416490252568707e+01
4.492215489043240240e+01
5.285830114561004223e+01
4.244997055358224713e+01
4.178516483155235761e+01
4.489988864128729773e+01
3.867815921162743109e+01
3.641428291206624834e+01
3.802630668366308697e+01
4.496665431183423323e+01
3.552463933666322049e+01
3.854867053479276251e+01
3.693237062523877512e+01
3.218695387886216253e+01
3.813135192987523681e+01
4.130375285612676350e+01
5.894064811316550134e+01
5.801723881744114664e+01
4.851803788283281449e+01
4.451965857910413149e+01
5.342284155677232604e+01
4.115823125451335329e+01
4.679743582719036255e+01
4.949747468305832854e+01
4.101219330881975367e+01
4.159326868617084472e+01
4.465422712353221613e+01
4.188078318274384770e+01
4.149698784249285666e+01
4.374928570845471398e+01
5.515432893255070468e+01
4.562893818619933484e+01
4.273172123844299364e+01
4.684015371452147747e+01
3.313608305156178346e+01
2.501999200639360765e+01
2.846049894151541437e+01
2.915475947422650194e+01
4.576024475459020380e+01
4.027406113120453313e+01
4.726520919238589613e+01
4.777028364998474785e+01
6.964194138592060312e+01
6.944062211702888021e+01
4.764451699828638453e+01
4.144876355212541341e+01
4.469899327725401861e+01
4.747630988187687961e+01
5.508175741568164341e+01
