3.043024810940587699e+01
2.908607914449797249e+01
3.101612483854164637e+01
3.301514803843835466e+01
3.429285639896449567e+01
3.429285639896449567e+01
4.503332099679080613e+01
3.310589071449369669e+01
3.693237062523877512e+01
3.117691453623979214e+01
2.767670500619609442e+01
4.130375285612676350e+01
4.226109321823087583e+01
5.136146415358503248e+01
4.696807426326951429e+01
4.896937818678117793e+01
5.482700064749119662e+01
4.171330722922841971e+01
4.049691346263317371e+01
4.808326112068522917e+01
3.052867504494749440e+01
3.212475680841802017e+01
3.461213659975356194e+01
3.619392214170771638e+01
3.563705936241092331e+01
4.211887937730537601e+01
1.702938636592640265e+01
3.140063693621516450e+01
2.063976744055029400e+01
6.431174076325410738e+01
5.871967302361279195e+01
6.412487816752559411e+01
4.753945729601885262e+01
4.512205669071391156e+01
4.853864439804638664e+01
4.147288270665544019e+01
1.827566688249706672e+01
3.733630940518894192e+01
3.901281840626231912e+01
6.313477647065838738e+01
4.273172123844299364e+01
3.957271787481875691e+01
3.295451410656816194e+01
3.813135192987523681e+01
4.623851208678756564e+01
5.914389233048498085e+01
7.895568377260752868e+01
6.926759704219571745e+01
6.195159400693415819e+01
6.601514977639602932e+01
