1.157583690279022548e+01
1.838477631085023489e+01
1.435270009440732331e+01
2.121320343559642652e+01
8.831760866327847737e+00
1.881488772222677852e+01
2.231591360442139660e+01
1.104536101718726115e+01
9.695359714832658682e+00
1.655294535724684835e+01
1.902629759044044633e+01
1.805547008526778896e+01
1.822086715828859838e+01
1.720465053408525335e+01
1.849324200890692893e+01
1.489966442575133954e+01
1.516575088810310135e+01
1.630950643030008962e+01
2.083266665599965961e+01
1.303840481040529831e+01
2.073644135332772009e+01
2.034698994937580352e+01
1.240967364599085698e+01
1.421267040355189515e+01
2.158703314492290204e+01
1.661324772583614973e+01
1.208304597359457233e+01
1.392838827718411920e+01
1.714642819948224783e+01
2.149418526020467723e+01
2.083266665599965961e+01
1.772004514666934938e+01
1.643167672515498268e+01
2.328089345364563201e+01
2.121320343559642652e+01
2.083266665599965961e+01
2.996664812754339380e+01
2.996664812754339380e+01
3.023243291566194912e+01
3.023243291566194912e+01
3.003331483536241464e+01
2.672077843177477519e+01
2.996664812754339380e+01
3.101612483854164637e+01
2.915475947422650194e+01
1.414213562373095101e+01
8.485281374238569541e+00
2.068816086557720269e+01
2.349468024894146012e+01
2.541653005427766843e+01
