6.482283548256741312e+01
7.457881736793632399e+01
8.514693182963200968e+01
5.683308895353128776e+01
6.403124237432848531e+01
6.804410334481599421e+01
7.601315675591956733e+01
7.991245209602818989e+01
8.303011501858829035e+01
9.972963451251588651e+01
9.888377015466188880e+01
9.908582138732059263e+01
6.256196927846821154e+01
4.004996878900157498e+01
5.810335618533579805e+01
5.375872022286245056e+01
4.597825573029059854e+01
5.025932749251624898e+01
4.701063709417263681e+01
4.433959855479072587e+01
5.244044240850757888e+01
5.746303159423456464e+01
5.648008498577175374e+01
4.913247398615298778e+01
8.132650244538984907e+01
1.047186707325871282e+02
7.996249120681521561e+01
8.003749121505495623e+01
5.431390245600108102e+01
5.856620185738528761e+01
6.637770710110436312e+01
6.773477688750439540e+01
6.794115100585212019e+01
3.749666651850535004e+01
9.665402216152207870e+01
8.605811989580065813e+01
7.923383115816122313e+01
8.176796438703851777e+01
8.391662528962899614e+01
9.756023780208820995e+01
9.308061022576076482e+01
8.573214099741123562e+01
9.970957827611147195e+01
8.360621986431392827e+01
7.401351227985333026e+01
9.311283477587824109e+01
9.041017641836565133e+01
8.112952606788726939e+01
5.720139858430036384e+01
5.720139858430036384e+01
